8 0.038461538461538464 0.0733173076923077 0.025240384615384616 0.040865384615384616
8 0.036057692307692304 0.23798076923076922 0.021634615384615384 0.04326923076923077
8 0.037259615384615384 0.4014423076923077 0.02283653846153846 0.04807692307692308
8 0.036057692307692304 0.5637019230769231 0.027644230769230768 0.04927884615384615
8 0.028846153846153848 0.7235576923076923 0.025240384615384616 0.04807692307692308
8 0.026442307692307692 0.8846153846153846 0.026442307692307692 0.04447115384615385
14 0.06971153846153846 0.10697115384615384 0.009615384615384616 0.02403846153846154
9 0.11177884615384616 0.1045673076923077 0.015625 0.026442307692307692
14 0.22115384615384615 0.07091346153846154 0.013221153846153846 0.03125
14 0.3173076923076923 0.08173076923076923 0.010817307692307692 0.028846153846153848
14 0.4338942307692308 0.07091346153846154 0.019230769230769232 0.030048076923076924
14 0.5300480769230769 0.0829326923076923 0.010817307692307692 0.026442307692307692
14 0.6430288461538461 0.07572115384615384 0.013221153846153846 0.027644230769230768
14 0.7307692307692307 0.08533653846153846 0.013221153846153846 0.030048076923076924
14 0.8329326923076923 0.07932692307692307 0.016826923076923076 0.030048076923076924
14 0.9098557692307693 0.08533653846153846 0.01201923076923077 0.028846153846153848
14 0.15384615384615385 0.2548076923076923 0.01201923076923077 0.030048076923076924
14 0.36177884615384615 0.25600961538461536 0.009615384615384616 0.030048076923076924
14 0.8846153846153846 0.4170673076923077 0.013221153846153846 0.037259615384615384
14 0.038461538461538464 0.49759615384615385 0.010817307692307692 0.021634615384615384
10 0.09975961538461539 0.06850961538461539 0.016826923076923076 0.006009615384615385
10 0.23557692307692307 0.9038461538461539 0.02403846153846154 0.006009615384615385
16 0.21995192307692307 0.027644230769230768 0.013221153846153846 0.030048076923076924
16 0.24879807692307693 0.03125 0.009615384615384616 0.027644230769230768
16 0.27283653846153844 0.03485576923076923 0.010817307692307692 0.028846153846153848
16 0.29447115384615385 0.04326923076923077 0.009615384615384616 0.042067307692307696
16 0.31850961538461536 0.042067307692307696 0.015625 0.03245192307692308
16 0.34375 0.04567307692307692 0.010817307692307692 0.042067307692307696
16 0.3629807692307692 0.039663461538461536 0.009615384615384616 0.03365384615384615
16 0.390625 0.03365384615384615 0.009615384615384616 0.021634615384615384
16 0.4338942307692308 0.030048076923076924 0.010817307692307692 0.026442307692307692
16 0.46033653846153844 0.03365384615384615 0.009615384615384616 0.027644230769230768
16 0.4855769230769231 0.037259615384615384 0.009615384615384616 0.03125
16 0.5048076923076923 0.04447115384615385 0.010817307692307692 0.042067307692307696
16 0.5300480769230769 0.04447115384615385 0.01201923076923077 0.03365384615384615
16 0.5516826923076923 0.04807692307692308 0.010817307692307692 0.037259615384615384
16 0.5757211538461539 0.04807692307692308 0.01201923076923077 0.03365384615384615
16 0.5973557692307693 0.051682692307692304 0.013221153846153846 0.039663461538461536
16 0.6454326923076923 0.037259615384615384 0.015625 0.027644230769230768
16 0.671875 0.040865384615384616 0.009615384615384616 0.03245192307692308
16 0.6911057692307693 0.04567307692307692 0.015625 0.04447115384615385
16 0.7055288461538461 0.042067307692307696 0.009615384615384616 0.03365384615384615
16 0.7307692307692307 0.04447115384615385 0.010817307692307692 0.036057692307692304
16 0.7524038461538461 0.04807692307692308 0.013221153846153846 0.040865384615384616
16 0.7716346153846154 0.04326923076923077 0.010817307692307692 0.036057692307692304
16 0.796875 0.036057692307692304 0.009615384615384616 0.026442307692307692
16 0.8341346153846154 0.036057692307692304 0.013221153846153846 0.03245192307692308
16 0.8545673076923077 0.042067307692307696 0.010817307692307692 0.036057692307692304
16 0.8701923076923077 0.046875 0.010817307692307692 0.04447115384615385
16 0.8870192307692307 0.042067307692307696 0.009615384615384616 0.03245192307692308
16 0.9098557692307693 0.04807692307692308 0.010817307692307692 0.030048076923076924
16 0.9302884615384616 0.04927884615384615 0.009615384615384616 0.038461538461538464
16 0.9483173076923077 0.04447115384615385 0.010817307692307692 0.037259615384615384
16 0.9651442307692307 0.038461538461538464 0.009615384615384616 0.027644230769230768
16 0.06490384615384616 0.2091346153846154 0.009615384615384616 0.030048076923076924
16 0.08533653846153846 0.21394230769230768 0.01201923076923077 0.026442307692307692
16 0.10817307692307693 0.21995192307692307 0.010817307692307692 0.03245192307692308
16 0.12620192307692307 0.22355769230769232 0.007211538461538462 0.03245192307692308
16 0.15384615384615385 0.21514423076923078 0.009615384615384616 0.03245192307692308
16 0.17668269230769232 0.2127403846153846 0.013221153846153846 0.030048076923076924
16 0.20072115384615385 0.21514423076923078 0.013221153846153846 0.03245192307692308
16 0.22115384615384615 0.2127403846153846 0.010817307692307692 0.03125
16 0.25961538461538464 0.21153846153846154 0.010817307692307692 0.030048076923076924
16 0.28365384615384615 0.21394230769230768 0.009615384615384616 0.030048076923076924
16 0.3112980769230769 0.22115384615384615 0.010817307692307692 0.03245192307692308
16 0.33533653846153844 0.22596153846153846 0.008413461538461538 0.036057692307692304
16 0.36177884615384615 0.21514423076923078 0.010817307692307692 0.03485576923076923
16 0.3858173076923077 0.21394230769230768 0.015625 0.03245192307692308
16 0.41225961538461536 0.21514423076923078 0.014423076923076924 0.03245192307692308
16 0.4338942307692308 0.21394230769230768 0.010817307692307692 0.03365384615384615
16 0.47716346153846156 0.21754807692307693 0.014423076923076924 0.03125
16 0.5036057692307693 0.22115384615384615 0.009615384615384616 0.030048076923076924
16 0.5228365384615384 0.22115384615384615 0.014423076923076924 0.028846153846153848
16 0.5456730769230769 0.2247596153846154 0.013221153846153846 0.03365384615384615
16 0.5757211538461539 0.22596153846153846 0.014423076923076924 0.03485576923076923
16 0.59375 0.22596153846153846 0.014423076923076924 0.038461538461538464
16 0.6177884615384616 0.22596153846153846 0.014423076923076924 0.038461538461538464
16 0.6370192307692307 0.21634615384615385 0.009615384615384616 0.028846153846153848
16 0.6730769230769231 0.21754807692307693 0.010817307692307692 0.03245192307692308
16 0.6971153846153846 0.21995192307692307 0.013221153846153846 0.03245192307692308
16 0.7175480769230769 0.22235576923076922 0.010817307692307692 0.030048076923076924
16 0.7403846153846154 0.22235576923076922 0.010817307692307692 0.03245192307692308
16 0.7632211538461539 0.22716346153846154 0.010817307692307692 0.03365384615384615
16 0.7860576923076923 0.22716346153846154 0.010817307692307692 0.039663461538461536
16 0.8088942307692307 0.22355769230769232 0.01201923076923077 0.040865384615384616
16 0.8305288461538461 0.21634615384615385 0.008413461538461538 0.028846153846153848
16 0.078125 0.5360576923076923 0.014423076923076924 0.030048076923076924
16 0.09615384615384616 0.5360576923076923 0.009615384615384616 0.028846153846153848
16 0.11538461538461539 0.5372596153846154 0.013221153846153846 0.030048076923076924
16 0.13701923076923078 0.5360576923076923 0.013221153846153846 0.03245192307692308
16 0.15625 0.5348557692307693 0.009615384615384616 0.03125
16 0.17548076923076922 0.5360576923076923 0.009615384615384616 0.03245192307692308
16 0.1935096153846154 0.5372596153846154 0.013221153846153846 0.030048076923076924
16 0.2127403846153846 0.5360576923076923 0.010817307692307692 0.03125
16 0.23798076923076922 0.53125 0.013221153846153846 0.027644230769230768
16 0.25721153846153844 0.5348557692307693 0.013221153846153846 0.03365384615384615
16 0.2776442307692308 0.5360576923076923 0.013221153846153846 0.03365384615384615
16 0.3016826923076923 0.5360576923076923 0.009615384615384616 0.028846153846153848
16 0.3245192307692308 0.5360576923076923 0.01201923076923077 0.03485576923076923
16 0.3449519230769231 0.5372596153846154 0.014423076923076924 0.03125
16 0.36658653846153844 0.5408653846153846 0.016826923076923076 0.03485576923076923
16 0.38822115384615385 0.5384615384615384 0.013221153846153846 0.03125
16 0.4266826923076923 0.5372596153846154 0.014423076923076924 0.03125
16 0.44591346153846156 0.5384615384615384 0.013221153846153846 0.03245192307692308
16 0.4639423076923077 0.5384615384615384 0.014423076923076924 0.027644230769230768
16 0.4831730769230769 0.5384615384615384 0.008413461538461538 0.030048076923076924
16 0.5048076923076923 0.5372596153846154 0.010817307692307692 0.03485576923076923
16 0.5252403846153846 0.5372596153846154 0.014423076923076924 0.03485576923076923
16 0.5420673076923077 0.5384615384615384 0.010817307692307692 0.03365384615384615
16 0.5600961538461539 0.5384615384615384 0.009615384615384616 0.03125
16 0.5877403846153846 0.53125 0.013221153846153846 0.028846153846153848
16 0.6057692307692307 0.5384615384615384 0.010817307692307692 0.037259615384615384
16 0.625 0.5372596153846154 0.014423076923076924 0.03485576923076923
16 0.6442307692307693 0.5348557692307693 0.009615384615384616 0.03125
16 0.6670673076923077 0.5372596153846154 0.014423076923076924 0.03485576923076923
16 0.6862980769230769 0.5384615384615384 0.01201923076923077 0.03365384615384615
16 0.7103365384615384 0.5408653846153846 0.009615384615384616 0.03365384615384615
16 0.7295673076923077 0.5396634615384616 0.010817307692307692 0.030048076923076924
16 0.7704326923076923 0.5396634615384616 0.010817307692307692 0.03125
16 0.7920673076923077 0.5384615384615384 0.013221153846153846 0.03485576923076923
16 0.8149038461538461 0.5396634615384616 0.013221153846153846 0.03485576923076923
16 0.8401442307692307 0.5384615384615384 0.013221153846153846 0.036057692307692304
16 0.8689903846153846 0.5384615384615384 0.015625 0.03245192307692308
16 0.890625 0.5396634615384616 0.01201923076923077 0.03245192307692308
16 0.9134615384615384 0.5396634615384616 0.01201923076923077 0.03245192307692308
16 0.9350961538461539 0.5396634615384616 0.008413461538461538 0.03485576923076923
16 0.05889423076923077 0.6862980769230769 0.013221153846153846 0.025240384615384616
16 0.08173076923076923 0.6935096153846154 0.013221153846153846 0.037259615384615384
16 0.10216346153846154 0.6959134615384616 0.010817307692307692 0.036057692307692304
16 0.12379807692307693 0.6959134615384616 0.010817307692307692 0.03245192307692308
4 0.05889423076923077 0.734375 0.014423076923076924 0.06370192307692307
7 0.04326923076923077 0.7415865384615384 0.010817307692307692 0.014423076923076924
13 0.039663461538461536 0.6971153846153846 0.013221153846153846 0.018028846153846152
20 0.13581730769230768 0.7091346153846154 0.015625 0.013221153846153846
16 0.14423076923076922 0.703125 0.007211538461538462 0.042067307692307696
16 0.16706730769230768 0.703125 0.013221153846153846 0.038461538461538464
16 0.18509615384615385 0.6995192307692307 0.01201923076923077 0.026442307692307692
16 0.20793269230769232 0.7055288461538461 0.014423076923076924 0.037259615384615384
16 0.2620192307692308 0.6995192307692307 0.009615384615384616 0.028846153846153848
16 0.2776442307692308 0.6995192307692307 0.010817307692307692 0.03125
16 0.29447115384615385 0.6995192307692307 0.008413461538461538 0.030048076923076924
16 0.3076923076923077 0.6995192307692307 0.013221153846153846 0.030048076923076924
16 0.33052884615384615 0.6983173076923077 0.013221153846153846 0.03245192307692308
16 0.3485576923076923 0.6983173076923077 0.013221153846153846 0.03245192307692308
16 0.36658653846153844 0.6983173076923077 0.010817307692307692 0.03485576923076923
16 0.38221153846153844 0.6995192307692307 0.013221153846153846 0.030048076923076924
16 0.40384615384615385 0.7007211538461539 0.009615384615384616 0.03125
16 0.4230769230769231 0.7007211538461539 0.010817307692307692 0.030048076923076924
16 0.4362980769230769 0.7007211538461539 0.010817307692307692 0.030048076923076924
16 0.4543269230769231 0.7007211538461539 0.010817307692307692 0.030048076923076924
16 0.4735576923076923 0.7007211538461539 0.013221153846153846 0.03245192307692308
16 0.49038461538461536 0.6995192307692307 0.009615384615384616 0.030048076923076924
16 0.5096153846153846 0.7007211538461539 0.010817307692307692 0.03245192307692308
16 0.5264423076923077 0.6995192307692307 0.013221153846153846 0.030048076923076924
16 0.5793269230769231 0.7019230769230769 0.013221153846153846 0.030048076923076924
16 0.5973557692307693 0.7007211538461539 0.01201923076923077 0.028846153846153848
16 0.6129807692307693 0.7007211538461539 0.010817307692307692 0.030048076923076924
16 0.6286057692307693 0.7007211538461539 0.01201923076923077 0.030048076923076924
16 0.6478365384615384 0.7007211538461539 0.01201923076923077 0.03245192307692308
16 0.6670673076923077 0.7007211538461539 0.013221153846153846 0.03245192307692308
16 0.6826923076923077 0.7007211538461539 0.01201923076923077 0.03125
16 0.7007211538461539 0.7007211538461539 0.010817307692307692 0.03245192307692308
16 0.7211538461538461 0.7007211538461539 0.010817307692307692 0.03365384615384615
16 0.7403846153846154 0.7019230769230769 0.008413461538461538 0.03245192307692308
16 0.7572115384615384 0.7019230769230769 0.010817307692307692 0.030048076923076924
16 0.7728365384615384 0.7019230769230769 0.009615384615384616 0.030048076923076924
16 0.7920673076923077 0.7007211538461539 0.010817307692307692 0.03245192307692308
16 0.8088942307692307 0.7019230769230769 0.009615384615384616 0.03125
16 0.8269230769230769 0.7019230769230769 0.01201923076923077 0.028846153846153848
16 0.84375 0.7019230769230769 0.010817307692307692 0.03245192307692308
16 0.056490384615384616 0.8377403846153846 0.008413461538461538 0.026442307692307692
16 0.08052884615384616 0.8365384615384616 0.010817307692307692 0.026442307692307692
16 0.10336538461538461 0.8365384615384616 0.008413461538461538 0.027644230769230768
16 0.12740384615384615 0.8377403846153846 0.010817307692307692 0.027644230769230768
16 0.15985576923076922 0.8389423076923077 0.010817307692307692 0.025240384615384616
16 0.18389423076923078 0.8389423076923077 0.009615384615384616 0.027644230769230768
16 0.2091346153846154 0.8401442307692307 0.009615384615384616 0.028846153846153848
16 0.234375 0.8401442307692307 0.009615384615384616 0.027644230769230768
16 0.265625 0.8365384615384616 0.015625 0.028846153846153848
16 0.2920673076923077 0.8389423076923077 0.01201923076923077 0.027644230769230768
16 0.3161057692307692 0.8401442307692307 0.009615384615384616 0.027644230769230768
16 0.3425480769230769 0.8401442307692307 0.008413461538461538 0.030048076923076924
16 0.41947115384615385 0.8954326923076923 0.013221153846153846 0.037259615384615384
16 0.44350961538461536 0.8930288461538461 0.014423076923076924 0.037259615384615384
16 0.4651442307692308 0.8894230769230769 0.013221153846153846 0.039663461538461536
16 0.4891826923076923 0.8846153846153846 0.013221153846153846 0.04326923076923077
16 0.5108173076923077 0.8786057692307693 0.009615384615384616 0.03485576923076923
16 0.53125 0.8762019230769231 0.010817307692307692 0.03365384615384615
16 0.5540865384615384 0.8774038461538461 0.009615384615384616 0.037259615384615384
16 0.5805288461538461 0.8737980769230769 0.010817307692307692 0.03245192307692308
16 0.5997596153846154 0.8774038461538461 0.013221153846153846 0.038461538461538464
16 0.6189903846153846 0.8774038461538461 0.01201923076923077 0.03125
16 0.6394230769230769 0.8798076923076923 0.009615384615384616 0.036057692307692304
16 0.7127403846153846 0.8978365384615384 0.015625 0.03485576923076923
16 0.734375 0.8954326923076923 0.01201923076923077 0.03485576923076923
16 0.7548076923076923 0.8918269230769231 0.010817307692307692 0.036057692307692304
16 0.78125 0.8858173076923077 0.015625 0.042067307692307696
16 0.8028846153846154 0.8810096153846154 0.014423076923076924 0.03365384615384615
16 0.8257211538461539 0.8786057692307693 0.010817307692307692 0.03245192307692308
16 0.8449519230769231 0.8786057692307693 0.014423076923076924 0.037259615384615384
16 0.8762019230769231 0.8713942307692307 0.014423076923076924 0.03245192307692308
16 0.8966346153846154 0.8737980769230769 0.01201923076923077 0.03245192307692308
16 0.9158653846153846 0.8774038461538461 0.009615384615384616 0.03485576923076923
16 0.9423076923076923 0.8810096153846154 0.01201923076923077 0.03245192307692308
6 0.06370192307692307 0.24639423076923078 0.008413461538461538 0.026442307692307692
6 0.10576923076923077 0.25 0.009615384615384616 0.025240384615384616
6 0.25961538461538464 0.24759615384615385 0.01201923076923077 0.027644230769230768
6 0.3088942307692308 0.2512019230769231 0.010817307692307692 0.025240384615384616
6 0.4807692307692308 0.2548076923076923 0.014423076923076924 0.026442307692307692
6 0.5216346153846154 0.2608173076923077 0.013221153846153846 0.025240384615384616
6 0.5757211538461539 0.26802884615384615 0.013221153846153846 0.02403846153846154
6 0.6165865384615384 0.27163461538461536 0.014423076923076924 0.021634615384615384
6 0.6742788461538461 0.25721153846153844 0.016826923076923076 0.028846153846153848
6 0.7151442307692307 0.26322115384615385 0.013221153846153846 0.030048076923076924
6 0.7632211538461539 0.2692307692307692 0.01201923076923077 0.02403846153846154
6 0.8064903846153846 0.27524038461538464 0.008413461538461538 0.026442307692307692
18 0.06610576923076923 0.38461538461538464 0.01201923076923077 0.030048076923076924
18 0.08774038461538461 0.38822115384615385 0.010817307692307692 0.030048076923076924
18 0.10096153846153846 0.3942307692307692 0.01201923076923077 0.03485576923076923
18 0.12379807692307693 0.39903846153846156 0.014423076923076924 0.04326923076923077
18 0.14423076923076922 0.3894230769230769 0.010817307692307692 0.03485576923076923
18 0.16346153846153846 0.3954326923076923 0.010817307692307692 0.03485576923076923
18 0.18509615384615385 0.4014423076923077 0.009615384615384616 0.039663461538461536
18 0.21394230769230768 0.4074519230769231 0.008413461538461538 0.042067307692307696
18 0.27283653846153844 0.3762019230769231 0.013221153846153846 0.030048076923076924
18 0.29086538461538464 0.38341346153846156 0.010817307692307692 0.03485576923076923
18 0.3125 0.38822115384615385 0.010817307692307692 0.037259615384615384
18 0.3329326923076923 0.38461538461538464 0.01201923076923077 0.030048076923076924
18 0.3545673076923077 0.38822115384615385 0.010817307692307692 0.03245192307692308
18 0.37259615384615385 0.3942307692307692 0.013221153846153846 0.040865384615384616
18 0.390625 0.39903846153846156 0.008413461538461538 0.04567307692307692
18 0.41225961538461536 0.390625 0.010817307692307692 0.030048076923076924
18 0.4326923076923077 0.39663461538461536 0.014423076923076924 0.037259615384615384
18 0.453125 0.4026442307692308 0.013221153846153846 0.039663461538461536
18 0.47596153846153844 0.4110576923076923 0.010817307692307692 0.04567307692307692
18 0.5348557692307693 0.390625 0.013221153846153846 0.03245192307692308
18 0.5576923076923077 0.39783653846153844 0.01201923076923077 0.037259615384615384
18 0.5889423076923077 0.4050480769230769 0.013221153846153846 0.039663461538461536
18 0.6141826923076923 0.4110576923076923 0.008413461538461538 0.04326923076923077
18 0.6370192307692307 0.390625 0.014423076923076924 0.03485576923076923
18 0.6550480769230769 0.39663461538461536 0.010817307692307692 0.042067307692307696
18 0.6754807692307693 0.4050480769230769 0.013221153846153846 0.036057692307692304
18 0.7007211538461539 0.4110576923076923 0.009615384615384616 0.039663461538461536
18 0.7223557692307693 0.390625 0.013221153846153846 0.03365384615384615
18 0.7415865384615384 0.39903846153846156 0.013221153846153846 0.03485576923076923
18 0.7596153846153846 0.4050480769230769 0.013221153846153846 0.040865384615384616
18 0.7836538461538461 0.4110576923076923 0.014423076923076924 0.04326923076923077
6 0.8112980769230769 0.4182692307692308 0.008413461538461538 0.039663461538461536
6 0.8389423076923077 0.41586538461538464 0.010817307692307692 0.04326923076923077
18 0.8737980769230769 0.21754807692307693 0.013221153846153846 0.03125
18 0.8918269230769231 0.21754807692307693 0.010817307692307692 0.026442307692307692
18 0.9146634615384616 0.22355769230769232 0.010817307692307692 0.03485576923076923
18 0.9411057692307693 0.22596153846153846 0.009615384615384616 0.037259615384615384
9 0.9182692307692307 0.41346153846153844 0.015625 0.039663461538461536
20 0.9519230769230769 0.4338942307692308 0.04567307692307692 0.007211538461538462
13 0.46033653846153844 0.22716346153846154 0.014423076923076924 0.02403846153846154
13 0.46153846153846156 0.24759615384615385 0.010817307692307692 0.016826923076923076
4 0.07451923076923077 0.5757211538461539 0.018028846153846152 0.04567307692307692
4 0.23557692307692307 0.5733173076923077 0.014423076923076924 0.04447115384615385
4 0.42788461538461536 0.5805288461538461 0.019230769230769232 0.051682692307692304
15 0.41225961538461536 0.5625 0.014423076923076924 0.016826923076923076
15 0.41346153846153844 0.5817307692307693 0.014423076923076924 0.015625
13 0.5673076923076923 0.5817307692307693 0.013221153846153846 0.019230769230769232
4 0.5853365384615384 0.5793269230769231 0.015625 0.046875
15 0.6995192307692307 0.5552884615384616 0.015625 0.020432692307692308
15 0.7572115384615384 0.5588942307692307 0.015625 0.016826923076923076
4 0.7704326923076923 0.5817307692307693 0.015625 0.05048076923076923
4 0.25240384615384615 0.7379807692307693 0.020432692307692308 0.057692307692307696
15 0.234375 0.7319711538461539 0.015625 0.020432692307692308
4 0.4050480769230769 0.7475961538461539 0.01201923076923077 0.05889423076923077
4 0.5661057692307693 0.7391826923076923 0.020432692307692308 0.054086538461538464
15 0.5492788461538461 0.734375 0.014423076923076924 0.019230769230769232
4 0.7223557692307693 0.7512019230769231 0.02283653846153846 0.06610576923076923
4 0.8786057692307693 0.7391826923076923 0.02403846153846154 0.08052884615384616
16 0.8774038461538461 0.6790865384615384 0.015625 0.026442307692307692
16 0.9098557692307693 0.6790865384615384 0.010817307692307692 0.026442307692307692
16 0.9387019230769231 0.6802884615384616 0.010817307692307692 0.030048076923076924
16 0.9627403846153846 0.6802884615384616 0.010817307692307692 0.027644230769230768
7 0.9014423076923077 0.7235576923076923 0.009615384615384616 0.015625
9 0.39302884615384615 0.9266826923076923 0.013221153846153846 0.02283653846153846
9 0.6850961538461539 0.9254807692307693 0.013221153846153846 0.021634615384615384
5 0.4026442307692308 0.9182692307692307 0.003605769230769231 0.003605769230769231
5 0.6947115384615384 0.9206730769230769 0.003605769230769231 0.004807692307692308
7 0.2644230769230769 0.04326923076923077 0.008413461538461538 0.016826923076923076
7 0.47475961538461536 0.04807692307692308 0.010817307692307692 0.016826923076923076
7 0.78125 0.04567307692307692 0.010817307692307692 0.014423076923076924
7 0.8990384615384616 0.07451923076923077 0.01201923076923077 0.016826923076923076
7 0.09735576923076923 0.22956730769230768 0.010817307692307692 0.016826923076923076
7 0.24759615384615385 0.23557692307692307 0.010817307692307692 0.020432692307692308
7 0.29927884615384615 0.23076923076923078 0.01201923076923077 0.018028846153846152
19 0.25240384615384615 0.39783653846153844 0.019230769230769232 0.027644230769230768
15 0.3016826923076923 0.4014423076923077 0.013221153846153846 0.019230769230769232
15 0.07692307692307693 0.4014423076923077 0.009615384615384616 0.018028846153846152
15 0.11057692307692307 0.4182692307692308 0.014423076923076924 0.018028846153846152
15 0.19831730769230768 0.42788461538461536 0.013221153846153846 0.016826923076923076
15 0.3762019230769231 0.41947115384615385 0.01201923076923077 0.014423076923076924
15 0.4639423076923077 0.43028846153846156 0.015625 0.013221153846153846
15 0.5168269230769231 0.40384615384615385 0.019230769230769232 0.02283653846153846
15 0.5685096153846154 0.4206730769230769 0.016826923076923076 0.018028846153846152
15 0.6009615384615384 0.43149038461538464 0.013221153846153846 0.019230769230769232
15 0.9278846153846154 0.24158653846153846 0.015625 0.018028846153846152
15 0.7944711538461539 0.265625 0.019230769230769232 0.013221153846153846
15 0.6021634615384616 0.26802884615384615 0.02403846153846154 0.013221153846153846
15 0.13822115384615385 0.2283653846153846 0.014423076923076924 0.018028846153846152
15 0.140625 0.24759615384615385 0.015625 0.015625
15 0.3449519230769231 0.2283653846153846 0.015625 0.019230769230769232
15 0.3485576923076923 0.24519230769230768 0.016826923076923076 0.013221153846153846
15 0.49158653846153844 0.23317307692307693 0.019230769230769232 0.018028846153846152
15 0.5564903846153846 0.23918269230769232 0.015625 0.018028846153846152
15 0.6850961538461539 0.234375 0.01201923076923077 0.014423076923076924
15 0.75 0.24158653846153846 0.020432692307692308 0.019230769230769232
20 0.8221153846153846 0.3870192307692308 0.03245192307692308 0.01201923076923077
20 0.8509615384615384 0.21754807692307693 0.03245192307692308 0.010817307692307692
20 0.5961538461538461 0.5144230769230769 0.019230769230769232 0.006009615384615385
20 0.31490384615384615 0.5396634615384616 0.016826923076923076 0.008413461538461538
20 0.06971153846153846 0.6694711538461539 0.021634615384615384 0.007211538461538462
20 0.20072115384615385 0.6838942307692307 0.02283653846153846 0.008413461538461538
20 0.4411057692307692 0.8689903846153846 0.04807692307692308 0.013221153846153846
20 0.5444711538461539 0.8557692307692307 0.028846153846153848 0.008413461538461538
20 0.6310096153846154 0.8533653846153846 0.025240384615384616 0.010817307692307692
20 0.7355769230769231 0.8737980769230769 0.04447115384615385 0.01201923076923077
20 0.8353365384615384 0.8557692307692307 0.026442307692307692 0.009615384615384616
20 0.8846153846153846 0.8509615384615384 0.02283653846153846 0.007211538461538462
20 0.9314903846153846 0.8569711538461539 0.026442307692307692 0.008413461538461538
2 0.19831730769230768 0.07091346153846154 0.008413461538461538 0.027644230769230768
2 0.41466346153846156 0.07091346153846154 0.009615384615384616 0.028846153846153848
2 0.6225961538461539 0.0733173076923077 0.006009615384615385 0.028846153846153848
2 0.8161057692307693 0.07451923076923077 0.007211538461538462 0.03485576923076923
2 0.9807692307692307 0.07572115384615384 0.009615384615384616 0.030048076923076924
2 0.23798076923076922 0.23317307692307693 0.006009615384615385 0.028846153846153848
2 0.45072115384615385 0.23557692307692307 0.010817307692307692 0.03125
2 0.65625 0.23677884615384615 0.007211538461538462 0.028846153846153848
2 0.8497596153846154 0.23798076923076922 0.007211538461538462 0.030048076923076924
2 0.8617788461538461 0.40024038461538464 0.007211538461538462 0.028846153846153848
2 0.9735576923076923 0.39903846153846156 0.014423076923076924 0.028846153846153848
2 0.5048076923076923 0.39903846153846156 0.004807692307692308 0.030048076923076924
2 0.234375 0.39903846153846156 0.008413461538461538 0.028846153846153848
2 0.4074519230769231 0.5600961538461539 0.004807692307692308 0.03125
2 0.7487980769230769 0.5600961538461539 0.007211538461538462 0.03125
2 0.23076923076923078 0.7223557692307693 0.006009615384615385 0.03365384615384615
2 0.546875 0.7211538461538461 0.008413461538461538 0.03245192307692308
2 0.8545673076923077 0.7247596153846154 0.006009615384615385 0.03245192307692308
2 0.36778846153846156 0.8834134615384616 0.008413461538461538 0.027644230769230768
2 0.6598557692307693 0.8858173076923077 0.004807692307692308 0.03125
2 0.9663461538461539 0.8858173076923077 0.009615384615384616 0.030048076923076924
7 0.052884615384615384 0.234375 0.009615384615384616 0.015625
7 0.042067307692307696 0.8461538461538461 0.010817307692307692 0.016826923076923076
7 0.5180288461538461 0.0673076923076923 0.010817307692307692 0.015625
3 0.25600961538461536 0.02283653846153846 0.078125 0.018028846153846152
3 0.35697115384615385 0.028846153846153848 0.07572115384615384 0.014423076923076924
3 0.4699519230769231 0.026442307692307692 0.07692307692307693 0.018028846153846152
3 0.5625 0.037259615384615384 0.07692307692307693 0.014423076923076924
3 0.6766826923076923 0.03125 0.06850961538461539 0.008413461538461538
3 0.7668269230769231 0.03125 0.06850961538461539 0.013221153846153846
3 0.8629807692307693 0.028846153846153848 0.05889423076923077 0.008413461538461538
3 0.9399038461538461 0.03485576923076923 0.06009615384615385 0.019230769230769232
3 0.90625 0.21153846153846154 0.06971153846153846 0.016826923076923076
3 0.7980769230769231 0.21153846153846154 0.0733173076923077 0.018028846153846152
3 0.7079326923076923 0.21033653846153846 0.0733173076923077 0.013221153846153846
3 0.6947115384615384 0.27283653846153844 0.04567307692307692 0.013221153846153846
3 0.7848557692307693 0.28365384615384615 0.05048076923076923 0.010817307692307692
3 0.5961538461538461 0.2800480769230769 0.042067307692307696 0.008413461538461538
3 0.6069711538461539 0.2127403846153846 0.0673076923076923 0.016826923076923076
3 0.4987980769230769 0.2704326923076923 0.04447115384615385 0.013221153846153846
3 0.5120192307692307 0.21033653846153846 0.07572115384615384 0.014423076923076924
3 0.39903846153846156 0.203125 0.07451923076923077 0.007211538461538462
3 0.2980769230769231 0.20673076923076922 0.078125 0.016826923076923076
3 0.28365384615384615 0.2608173076923077 0.054086538461538464 0.006009615384615385
3 0.1875 0.203125 0.07572115384615384 0.008413461538461538
3 0.09615384615384616 0.20552884615384615 0.06490384615384616 0.019230769230769232
3 0.0829326923076923 0.25961538461538464 0.04807692307692308 0.009615384615384616
3 0.09615384615384616 0.38221153846153844 0.06129807692307692 0.021634615384615384
3 0.17908653846153846 0.38822115384615385 0.07091346153846154 0.025240384615384616
3 0.29447115384615385 0.37259615384615385 0.04567307692307692 0.018028846153846152
3 0.36177884615384615 0.3798076923076923 0.057692307692307696 0.019230769230769232
3 0.44591346153846156 0.3858173076923077 0.07211538461538461 0.025240384615384616
3 0.5757211538461539 0.3894230769230769 0.08533653846153846 0.028846153846153848
3 0.6694711538461539 0.3894230769230769 0.07211538461538461 0.027644230769230768
3 0.7536057692307693 0.390625 0.06490384615384616 0.028846153846153848
3 0.8233173076923077 0.40024038461538464 0.03125 0.009615384615384616
3 0.10817307692307693 0.5240384615384616 0.06370192307692307 0.008413461538461538
3 0.18509615384615385 0.5252403846153846 0.06370192307692307 0.007211538461538462
3 0.2704326923076923 0.5252403846153846 0.07091346153846154 0.010817307692307692
3 0.3581730769230769 0.5276442307692307 0.07211538461538461 0.014423076923076924
3 0.4579326923076923 0.5288461538461539 0.05889423076923077 0.013221153846153846
3 0.53125 0.5252403846153846 0.06850961538461539 0.013221153846153846
3 0.6165865384615384 0.5252403846153846 0.06490384615384616 0.009615384615384616
3 0.6995192307692307 0.5276442307692307 0.07091346153846154 0.015625
3 0.8052884615384616 0.5276442307692307 0.0829326923076923 0.01201923076923077
3 0.9026442307692307 0.5252403846153846 0.08052884615384616 0.013221153846153846
3 0.09375 0.6826923076923077 0.07091346153846154 0.015625
3 0.1778846153846154 0.6899038461538461 0.07211538461538461 0.013221153846153846
3 0.28725961538461536 0.6899038461538461 0.057692307692307696 0.009615384615384616
3 0.3581730769230769 0.6862980769230769 0.06610576923076923 0.01201923076923077
3 0.43028846153846156 0.6899038461538461 0.0625 0.009615384615384616
3 0.5024038461538461 0.6887019230769231 0.06490384615384616 0.01201923076923077
3 0.6057692307692307 0.6911057692307693 0.057692307692307696 0.013221153846153846
3 0.6754807692307693 0.6887019230769231 0.06850961538461539 0.008413461538461538
3 0.7487980769230769 0.6911057692307693 0.06370192307692307 0.010817307692307692
3 0.8197115384615384 0.6899038461538461 0.0673076923076923 0.013221153846153846
3 0.9254807692307693 0.671875 0.10216346153846154 0.009615384615384616
3 0.09134615384615384 0.828125 0.08052884615384616 0.010817307692307692
3 0.19951923076923078 0.8305288461538461 0.08774038461538461 0.009615384615384616
3 0.30528846153846156 0.8293269230769231 0.09254807692307693 0.015625
3 0.4326923076923077 0.8810096153846154 0.08052884615384616 0.02403846153846154
3 0.5240384615384616 0.8677884615384616 0.078125 0.018028846153846152
3 0.6117788461538461 0.8641826923076923 0.07091346153846154 0.016826923076923076
3 0.7223557692307693 0.8858173076923077 0.08052884615384616 0.015625
3 0.8137019230769231 0.8677884615384616 0.06971153846153846 0.018028846153846152
3 0.9098557692307693 0.8641826923076923 0.0733173076923077 0.016826923076923076